2015/1/1,25,30,20,40,15,60,69,41,0.00,29.91,24,33,9.1,Snow

2015/1/2,29,32,24,36,19,67,86,32,0.00,30.13,17,28,8.4,Snow

2015/1/3,30,35,24,36,29,87,100,67,0.16,30.11,13,21,5.6,Rain Snow

2015/1/4,34,41,26,30,34,93,100,69,0.04,29.66,9,26,4.3,Rain Snow

2015/1/5,12,15,10,52,9,70,86,42,0.00,30.22,24,34,7.3,Snow

2015/1/6,14,18,10,51,8,71,79,54,0.00,30.14,14,26,8.2,Snow

2015/1/7,4,8,1,60,-1,65,86,34,0.00,30.14,16,25,6.9,Snow

2015/1/8,10,19,1,55,8,76,93,55,0.00,30.13,22,38,7.3,Snow

2015/1/9,18,23,12,46,12,75,93,58,0.00,29.84,24,33,6.3,Snow

2015/1/10,12,16,8,53,4,68,79,48,0.00,30.34,23,33,9.1,

2015/1/11,23,33,13,42,16,65,80,47,0.00,30.36,15,24,9.1,Snow

2015/1/12,23,32,10,42,25,83,100,48,0.01,30.27,12,21,5.4,Snow

2015/1/13,6,14,-1,58,1,70,85,48,0.00,30.73,8,13,8.4,Snow

2015/1/14,18,25,12,46,10,70,86,46,0.00,30.38,8,14,9.1,

2015/1/15,20,28,12,45,16,75,86,61,0.00,29.97,14,28,9.1,Snow

2015/1/16,18,25,12,46,15,69,93,38,0.00,29.97,15,24,7.4,Snow

2015/1/17,22,37,8,44,13,75,92,54,0.00,30.15,8,16,8.2,Snow

2015/1/18,34,40,28,31,34,87,93,65,0.01,29.69,12,18,8.9,Rain

2015/1/19,26,32,19,38,21,71,80,42,0.00,29.90,12,20,9.1,Rain Snow

2015/1/20,17,23,11,48,4,55,79,27,0.00,30.06,6,12,9.1,

2015/1/21,20,28,11,46,15,74,86,54,0.00,30.14,6,17,9.1,

2015/1/22,26,33,19,39,17,67,80,42,0.00,30.32,8,20,9.1,Snow

2015/1/23,30,33,26,36,23,76,93,56,0.00,30.10,18,26,9.1,Snow

2015/1/24,28,33,24,36,27,88,93,65,0.00,29.55,12,17,4.5,Rain Snow

2015/1/25,17,22,12,48,5,57,79,22,0.00,29.89,11,17,9.1,Snow

2015/1/26,13,18,8,52,6,67,85,38,0.00,30.03,15,22,6.8,Snow

2015/1/27,18,24,12,47,4,60,79,28,0.00,30.09,9,14,7.7,Snow

2015/1/28,20,29,10,46,7,54,74,19,0.00,30.29,8,14,9.1,

2015/1/29,29,34,24,36,25,82,100,38,0.00,29.85,10,18,5.0,Rain Snow

2015/1/30,12,17,8,52,8,68,80,45,0.00,30.15,17,31,8.2,Snow

2015/1/31,16,28,4,49,13,75,86,61,0.00,30.28,8,21,9.1,Snow

2015/2/1,14,20,8,51,12,76,86,57,0.00,30.19,13,24,6.8,Snow

2015/2/2,10,13,6,56,2,75,85,48,0.00,29.83,14,23,3.3,Snow

2015/2/3,16,23,8,50,12,72,93,59,0.00,30.15,17,30,7.4,Snow

2015/2/4,25,30,19,40,23,86,100,68,0.00,29.99,11,21,5.0,Rain Snow

2015/2/5,12,16,8,53,5,66,79,27,0.00,30.22,10,22,9.0,Snow

2015/2/6,18,25,11,47,11,78,93,50,0.00,30.09,22,31,5.5,Snow

2015/2/7,24,28,21,40,22,87,100,67,0.00,29.99,11,31,4.2,Snow

2015/2/8,14,18,10,51,14,88,93,72,0.00,29.92,20,31,4.6,Rain Snow

2015/2/9,12,15,10,52,7,75,79,61,0.12,30.13,10,16,8.7,Snow

2015/2/10,18,23,14,46,12,74,86,51,0.00,30.28,6,13,9.1,Snow

2015/2/11,24,30,18,41,23,85,93,64,0.00,29.91,10,20,6.3,Snow

2015/2/12,11,19,3,54,5,66,80,42,0.00,30.00,14,24,9.1,Snow

2015/2/13,6,17,-6,60,3,70,86,41,0.00,30.14,13,32,6.7,Snow

2015/2/14,12,22,0,54,10,73,86,43,0.00,29.70,22,32,7.0,Snow

2015/2/15,-7,-1,-13,72,-17,54,65,33,0.00,30.29,19,32,9.1,Snow

2015/2/16,0,8,-8,65,-13,51,62,28,0.00,30.33,6,13,9.1,

2015/2/17,10,17,4,54,1,59,79,26,0.00,29.94,7,20,9.1,

2015/2/18,15,18,10,50,10,76,93,45,0.00,29.79,8,15,6.3,Snow

2015/2/19,1,6,-4,64,-10,54,72,28,0.00,30.05,14,24,9.1,

2015/2/20,1,10,-6,64,-11,55,67,34,0.00,30.33,12,22,9.1,

2015/2/21,12,19,6,52,12,79,93,49,0.00,30.07,9,17,4.3,Snow

2015/2/22,18,26,8,48,14,77,93,52,0.00,30.23,9,20,6.4,Snow

2015/2/23,1,6,-4,64,-11,53,72,32,0.00,30.54,14,23,9.1,Snow

2015/2/24,10,19,0,56,8,77,86,54,0.00,29.83,25,37,5.3,Snow

2015/2/25,12,16,8,53,6,65,86,34,0.00,29.84,16,22,8.5,Snow

2015/2/26,11,16,6,54,-1,57,72,37,0.00,30.18,7,14,8.0,Snow

2015/2/27,8,15,1,57,-2,59,72,41,0.00,30.51,9,18,9.1,

2015/2/28,14,23,6,50,5,61,73,46,0.00,30.73,10,18,9.1,

2015/3/1,20,26,14,45,16,76,93,51,0.00,30.34,6,15,9.0,Snow

2015/3/2,24,28,19,40,14,71,86,35,0.00,30.24,13,25,8.0,Snow

2015/3/3,26,35,16,40,22,87,100,62,0.08,29.85,8,21,4.9,Rain Snow

2015/3/4,26,34,19,38,19,67,81,43,0.04,29.92,14,21,8.8,Rain Snow

2015/3/5,10,16,5,54,-2,53,68,29,0.00,30.34,11,17,9.1,Snow

2015/3/6,14,23,6,50,5,62,73,44,0.00,30.43,13,29,9.1,

2015/3/7,26,30,21,40,21,77,93,52,0.00,30.05,16,28,7.4,Snow

2015/3/8,32,36,27,34,23,72,87,27,0.00,30.06,10,23,7.9,Snow

2015/3/9,34,38,29,32,29,79,87,65,0.00,30.14,10,16,9.1,

2015/3/10,30,37,24,34,29,92,100,70,0.00,30.11,4,10,4.2,Fog

2015/3/11,40,47,32,26,31,72,93,44,0.02,30.06,10,21,6.6,

2015/3/12,33,36,30,32,18,52,75,26,0.00,30.57,7,13,9.1,

2015/3/13,32,36,28,33,25,71,81,56,0.00,30.39,11,24,9.1,

2015/3/14,36,41,31,29,34,90,100,59,0.04,29.86,8,18,4.3,Fog Rain

2015/3/15,39,45,33,26,28,68,87,48,0.00,29.98,14,23,9.1,Rain

2015/3/16,36,41,31,29,33,88,100,75,0.12,29.86,5,12,6.5,Rain

2015/3/17,35,42,28,30,27,71,100,19,0.01,29.84,10,30,6.7,Rain

2015/3/18,30,38,23,34,9,41,59,18,0.00,30.18,13,22,9.1,

2015/3/19,28,33,22,38,13,53,69,36,0.00,30.35,6,10,9.1,

2015/3/20,34,40,28,31,24,65,81,39,0.00,30.12,8,14,9.1,

2015/3/21,36,45,26,28,30,77,100,33,0.12,29.93,10,28,6.6,Rain

2015/3/22,22,30,15,42,8,55,80,18,0.00,30.24,12,20,8.2,Snow

2015/3/23,18,23,13,47,4,49,68,27,0.00,30.37,8,14,9.1,

2015/3/24,26,33,18,40,11,54,74,35,0.00,30.39,6,10,9.1,

2015/3/25,32,37,27,33,32,91,100,75,0.08,29.99,10,18,5.1,Rain

2015/3/26,37,41,33,28,33,89,100,60,0.08,29.86,10,20,5.1,Rain Snow

2015/3/27,28,35,21,37,17,65,81,44,0.00,29.93,12,18,9.1,Snow

2015/3/28,22,30,14,43,1,39,57,15,0.00,30.18,12,17,9.1,Snow

2015/3/29,29,39,19,36,20,63,87,39,0.00,30.13,11,33,9.1,Rain

2015/3/30,40,46,33,25,29,69,93,43,0.00,29.73,17,31,9.1,Rain

2015/3/31,34,39,30,30,26,71,93,44,0.00,29.88,7,12,9.1,

2015/4/1,34,41,27,31,14,42,70,25,0.00,30.12,6,13,9.1,

2015/4/2,42,51,33,23,36,79,100,36,0.08,29.79,8,13,6.6,Fog Rain

2015/4/3,45,55,35,20,38,87,100,50,0.08,29.81,7,18,6.2,Fog Rain

2015/4/4,38,43,32,28,26,72,100,25,0.04,30.07,12,23,7.0,Rain Snow

2015/4/5,32,34,30,33,27,82,93,52,0.00,30.19,7,13,7.0,Rain Snow

2015/4/6,36,41,30,30,31,82,93,70,0.00,30.21,6,20,9.1,

2015/4/7,38,43,34,26,29,68,87,46,0.00,30.31,13,21,9.1,

2015/4/8,36,38,33,30,30,81,100,42,0.59,30.15,25,34,5.7,Rain Snow

2015/4/9,40,44,35,26,37,95,100,87,0.35,29.97,19,28,4.4,Rain Thunderstorm

2015/4/10,49,57,41,16,42,90,100,51,0.12,29.62,9,36,3.2,Fog Rain Thunderstorm

2015/4/11,45,52,38,20,28,54,75,31,0.00,30.08,14,22,9.1,

2015/4/12,46,61,32,18,33,66,100,30,0.00,30.22,5,15,9.0,

2015/4/13,50,60,39,16,43,75,100,51,0.16,29.97,11,30,7.7,Fog Rain

2015/4/14,48,60,35,18,31,55,93,14,0.00,30.19,6,15,9.1,

2015/4/15,50,57,42,15,23,36,57,22,0.00,30.35,6,15,9.1,

2015/4/16,45,50,40,20,33,63,87,47,0.03,30.26,6,16,9.1,Rain

2015/4/17,53,65,41,12,43,87,100,37,0.02,30.02,4,14,4.6,Fog Rain

2015/4/18,54,69,40,10,35,55,93,12,0.00,30.03,6,24,8.5,

2015/4/19,44,50,39,20,31,57,76,26,0.35,30.11,19,32,9.1,Rain

2015/4/20,47,55,39,18,43,93,100,74,0.59,29.49,20,33,6.0,Rain Thunderstorm

2015/4/21,44,50,39,20,38,78,93,61,0.12,29.58,16,41,8.3,Rain Thunderstorm

2015/4/22,40,46,35,24,33,74,93,49,0.00,29.61,12,24,9.1,Rain

2015/4/23,35,39,31,30,24,64,87,41,0.00,29.79,14,25,9.1,Rain Snow

2015/4/24,38,46,30,27,22,53,75,25,0.00,30.00,12,18,9.1,Rain

2015/4/25,39,46,32,26,25,56,65,41,0.00,29.94,8,13,9.1,

2015/4/26,46,54,38,19,31,55,70,38,0.00,29.83,10,16,9.1,

2015/4/27,49,56,42,16,35,62,76,38,0.00,29.88,9,16,9.1,

2015/4/28,54,66,43,10,38,55,76,31,0.00,29.97,10,15,9.1,

2015/4/29,50,58,43,14,40,62,81,45,0.00,29.80,7,13,7.5,

2015/4/30,48,55,41,17,39,66,87,45,0.00,29.82,7,16,9.1,Rain

2015/5/1,55,68,42,10,40,56,87,31,0.00,30.00,4,12,7.8,

2015/5/2,55,66,44,10,38,56,76,32,0.00,30.01,6,14,9.1,

2015/5/3,58,75,42,6,41,60,87,33,0.00,30.03,4,15,7.8,

2015/5/4,58,68,49,6,46,65,82,52,0.03,30.05,4,17,8.3,Rain

2015/5/5,51,58,44,14,42,64,87,39,0.00,30.27,6,15,8.4,

2015/5/6,52,64,40,13,40,66,93,35,0.00,30.27,3,12,8.9,

2015/5/7,52,61,43,13,43,66,93,47,0.00,30.16,3,10,8.2,

2015/5/8,55,64,46,10,50,79,94,59,0.00,30.05,4,17,7.5,

2015/5/9,60,72,47,6,51,77,88,55,0.01,30.05,4,16,6.9,Rain Thunderstorm

2015/5/10,62,73,51,3,59,86,94,73,0.01,30.05,7,20,4.5,Rain Thunderstorm

2015/5/11,56,60,50,10,53,93,100,82,0.28,29.92,14,30,4.5,Fog Rain Thunderstorm

2015/5/12,54,61,47,11,49,85,100,48,0.00,29.81,8,29,4.6,Rain

2015/5/13,50,58,43,14,37,66,87,23,0.00,30.22,12,22,8.8,Rain

2015/5/14,50,61,38,16,33,51,76,28,0.00,30.41,6,10,8.5,

2015/5/15,49,52,46,16,40,70,87,38,0.02,30.12,10,21,8.8,Rain

2015/5/16,59,73,45,6,50,75,93,41,0.00,30.06,4,12,7.9,

2015/5/17,55,62,48,10,50,75,88,63,0.00,30.15,5,15,9.1,

2015/5/18,58,66,51,6,53,81,94,69,0.00,29.99,9,17,8.8,

2015/5/19,58,65,46,8,46,69,100,44,0.00,29.93,9,21,7.5,

2015/5/20,49,59,39,16,31,57,81,21,0.00,30.08,12,21,9.1,Rain

2015/5/21,54,64,45,10,34,47,81,15,0.00,29.93,7,17,9.1,

2015/5/22,52,59,46,12,33,49,87,27,0.00,30.06,9,21,9.1,

2015/5/23,50,60,39,16,34,55,82,22,0.00,30.34,7,17,9.1,

2015/5/24,59,73,45,6,43,57,76,29,0.00,30.21,5,13,9.1,

2015/5/25,62,68,55,4,50,69,82,59,0.00,30.06,6,15,9.1,Rain

2015/5/26,64,72,55,2,56,79,88,64,0.00,30.01,7,14,9.1,

2015/5/27,60,65,53,6,55,85,94,64,0.00,29.95,7,18,9.1,Rain

2015/5/28,64,75,53,1,53,71,94,44,0.00,30.14,8,16,9.1,

2015/5/29,59,64,54,6,52,74,82,62,0.00,30.17,9,17,9.1,Rain

2015/5/30,64,76,51,2,62,85,100,69,0.79,29.95,7,18,7.2,Rain Thunderstorm

2015/5/31,50,54,46,15,47,87,94,76,0.43,30.18,14,22,7.6,Rain

2015/6/1,51,56,46,14,44,74,88,59,0.00,30.20,7,13,9.1,

2015/6/2,54,60,47,12,47,77,93,63,0.00,30.20,5,14,9.1,

2015/6/3,54,59,50,10,45,69,82,48,0.00,30.20,10,17,9.1,

2015/6/4,57,63,51,8,50,79,88,65,0.00,30.11,11,17,9.1,

2015/6/5,60,70,49,6,57,86,100,68,0.39,29.97,5,16,7.3,Rain Thunderstorm

2015/6/6,57,61,51,8,45,63,73,48,0.00,30.15,8,14,9.1,

2015/6/7,54,60,48,11,47,73,94,56,0.39,29.92,9,20,9.1,Rain

2015/6/8,60,67,54,4,60,96,100,82,0.55,29.64,6,16,3.3,Fog Rain Thunderstorm

2015/6/9,62,68,55,4,58,85,100,68,0.16,29.66,5,9,7.6,Rain

2015/6/10,63,74,52,2,59,84,100,55,0.35,29.67,7,25,7.4,Rain Thunderstorm

2015/6/11,61,69,53,4,54,77,94,62,0.00,29.90,8,14,9.1,

2015/6/12,60,64,57,4,57,87,94,61,0.24,29.88,9,23,7.5,Rain Thunderstorm

2015/6/13,64,70,59,N/A,57,80,94,56,0.00,30.05,5,10,8.7,

2015/6/14,60,64,57,4,57,89,100,68,0.16,29.98,8,16,6.1,Rain

2015/6/15,62,69,56,2,62,96,100,83,0.00,29.91,4,13,2.6,Fog

2015/6/16,69,81,57,N/A,60,86,100,28,0.71,29.87,5,16,5.0,Fog Rain

2015/6/17,63,66,60,2,48,57,68,47,0.00,30.12,12,20,9.1,

2015/6/18,68,79,57,N/A,56,67,88,55,0.00,29.92,5,12,9.1,

2015/6/19,64,67,60,2,54,70,83,60,0.00,30.03,8,13,9.1,

2015/6/20,60,66,55,4,52,71,82,53,0.00,29.95,10,18,9.1,

2015/6/21,71,83,59,N/A,58,69,94,37,0.00,29.77,5,20,8.9,

2015/6/22,68,75,61,N/A,59,72,83,51,0.75,29.88,5,14,8.9,Rain Thunderstorm

2015/6/23,72,79,64,N/A,63,83,100,47,0.08,29.72,8,25,7.6,Rain Thunderstorm

2015/6/24,64,73,56,N/A,55,72,82,50,0.00,30.06,6,12,9.1,

2015/6/25,64,69,60,N/A,57,74,94,63,0.00,30.03,6,17,9.1,

2015/6/26,65,70,60,N/A,54,67,94,38,0.00,30.06,6,12,9.1,

2015/6/27,62,68,55,4,55,85,100,31,0.71,29.92,19,31,5.6,Rain Thunderstorm

2015/6/28,56,60,54,8,55,95,100,88,0.28,29.74,17,30,5.6,Rain Thunderstorm

2015/6/29,65,73,57,N/A,57,80,94,53,0.00,29.86,6,12,9.1,

2015/6/30,61,65,57,4,58,92,100,77,0.00,29.80,9,20,8.0,Rain

2015/7/1,66,75,57,N/A,58,83,100,46,0.00,29.76,6,16,5.0,Fog

2015/7/2,63,68,58,2,52,66,82,28,0.00,29.96,7,12,9.1,

2015/7/3,62,71,53,3,47,56,77,36,0.00,29.98,6,9,9.1,

2015/7/4,63,71,55,2,51,59,82,33,0.00,29.94,4,8,9.1,

2015/7/5,68,75,61,N/A,60,71,83,56,0.00,30.09,4,13,9.1,

2015/7/6,68,74,62,N/A,62,79,94,58,0.00,30.04,6,14,8.9,

2015/7/7,69,76,62,N/A,67,88,94,78,0.28,29.84,7,18,7.3,Rain Thunderstorm

2015/7/8,63,67,59,2,54,71,83,51,0.00,30.05,7,14,9.1,

2015/7/9,64,68,59,2,57,79,88,59,0.00,29.96,4,12,9.1,Rain

2015/7/10,66,74,57,N/A,56,68,83,46,0.00,30.05,5,9,9.1,

2015/7/11,70,80,61,N/A,60,71,88,45,0.00,30.10,4,10,9.1,

2015/7/12,72,80,65,N/A,63,73,94,47,0.00,30.03,3,8,9.0,

2015/7/13,70,74,65,N/A,64,82,94,68,0.00,29.83,5,16,8.6,

2015/7/14,70,75,66,N/A,67,90,100,74,0.08,29.55,4,20,6.2,Rain

2015/7/15,60,66,55,4,51,65,78,53,0.00,29.90,11,18,9.1,

2015/7/16,64,70,59,N/A,55,68,83,48,0.00,30.09,8,13,9.1,

2015/7/17,66,68,63,N/A,62,88,94,73,0.20,29.89,9,16,8.2,Rain

2015/7/18,74,82,65,N/A,68,91,100,70,0.01,29.83,4,13,4.5,Fog Rain Thunderstorm

2015/7/19,76,82,70,N/A,68,78,94,58,0.03,29.74,9,38,9.1,Rain Thunderstorm

2015/7/20,71,78,64,N/A,63,72,88,57,0.00,29.73,8,15,9.1,

2015/7/21,74,79,68,N/A,56,56,88,31,0.00,29.68,9,20,9.1,

2015/7/22,69,78,60,N/A,49,47,68,26,0.00,29.84,11,20,9.1,

2015/7/23,66,78,55,N/A,51,52,82,25,0.00,29.94,6,15,9.1,

2015/7/24,68,78,59,N/A,56,63,83,41,0.00,29.96,7,14,9.1,

2015/7/25,72,79,65,N/A,63,75,83,65,0.00,29.88,6,16,9.1,Thunderstorm

2015/7/26,72,81,62,N/A,63,70,94,54,0.00,29.92,5,10,9.1,

2015/7/27,74,84,64,N/A,63,65,94,48,0.00,29.98,4,9,9.1,

2015/7/28,77,86,68,N/A,62,57,78,37,0.00,29.99,4,9,9.1,

2015/7/29,76,84,69,N/A,67,69,78,56,0.00,29.91,4,9,9.0,

2015/7/30,74,85,62,N/A,59,55,83,32,0.00,29.81,9,20,9.1,

2015/7/31,71,83,59,N/A,57,60,83,32,0.02,29.81,9,25,8.8,Rain

2015/8/1,66,76,57,N/A,57,69,94,50,0.00,29.81,7,18,9.1,Thunderstorm

2015/8/2,66,75,56,N/A,59,80,94,43,0.28,29.74,7,25,8.3,Rain Thunderstorm

2015/8/3,67,79,55,N/A,55,74,100,36,0.08,29.70,10,17,8.9,Rain

2015/8/4,65,74,56,N/A,57,76,94,60,0.20,29.85,6,15,8.6,Rain Thunderstorm

2015/8/5,64,74,53,2,52,60,94,38,0.00,29.97,8,15,9.1,

2015/8/6,61,71,51,4,53,71,88,51,0.00,30.00,5,9,8.9,

2015/8/7,63,70,56,2,57,75,83,61,0.00,29.98,5,13,9.1,

2015/8/8,66,70,62,N/A,58,76,88,64,0.00,30.04,8,15,9.1,Rain

2015/8/9,64,73,56,N/A,57,69,94,45,0.00,30.05,5,12,9.1,

2015/8/10,64,70,59,N/A,61,85,100,64,0.39,29.85,5,10,8.1,Rain Thunderstorm

2015/8/11,71,79,63,N/A,62,73,100,49,0.00,29.80,8,20,8.0,Rain Thunderstorm

2015/8/12,70,75,64,N/A,53,59,83,26,0.00,29.96,9,16,9.1,

2015/8/13,66,76,56,N/A,57,69,88,53,0.00,30.02,7,16,9.1,

2015/8/14,70,73,66,N/A,66,88,94,78,0.08,30.02,6,12,9.1,Rain Thunderstorm

2015/8/15,72,78,65,N/A,66,82,100,61,0.00,30.08,3,8,8.7,

2015/8/16,74,84,65,N/A,66,86,100,55,0.00,30.09,4,13,6.1,Fog

2015/8/17,76,84,67,N/A,68,80,94,57,0.00,30.01,5,13,9.0,

2015/8/18,72,75,69,N/A,68,87,94,78,0.08,29.94,5,18,6.9,Rain Thunderstorm

2015/8/19,75,81,69,N/A,70,89,100,68,0.08,29.85,7,20,5.9,Rain

2015/8/20,73,77,69,N/A,68,86,100,61,0.24,29.76,9,23,8.0,Rain

2015/8/21,68,73,62,N/A,55,63,82,44,0.00,30.04,11,17,9.1,

2015/8/22,64,72,56,1,57,73,88,60,0.00,30.16,4,9,9.1,

2015/8/23,66,73,60,N/A,61,79,94,63,0.00,30.00,6,14,9.1,

2015/8/24,68,73,64,N/A,61,74,88,54,0.01,29.79,8,18,8.7,Rain

2015/8/25,65,70,60,N/A,53,64,72,51,0.00,29.88,9,16,9.1,Rain

2015/8/26,64,68,60,1,55,73,82,53,0.00,30.00,8,16,9.1,Rain

2015/8/27,62,68,55,4,54,76,94,51,0.00,30.12,7,12,9.1,

2015/8/28,62,72,52,3,56,79,94,54,0.00,30.18,3,10,9.1,

2015/8/29,66,74,58,N/A,60,81,94,65,0.00,30.12,3,9,9.1,

2015/8/30,70,77,64,N/A,63,78,94,57,0.00,30.05,4,10,7.0,Rain

2015/8/31,72,78,65,N/A,66,84,94,65,0.00,30.00,5,12,6.1,

2015/9/1,71,78,64,N/A,66,84,94,65,0.00,30.04,4,8,5.3,

2015/9/2,76,86,66,N/A,68,78,94,55,0.00,29.97,4,9,6.0,Thunderstorm

2015/9/3,75,81,69,N/A,69,81,94,52,0.00,29.93,4,13,4.4,Thunderstorm

2015/9/4,74,77,70,N/A,65,76,100,50,0.00,30.06,11,23,7.9,

2015/9/5,73,78,68,N/A,67,81,88,60,0.00,30.13,11,17,8.0,

2015/9/6,76,82,69,N/A,69,86,100,66,0.00,30.09,5,12,5.7,

2015/9/7,76,83,70,N/A,70,81,94,61,0.00,29.97,7,14,8.2,Rain Thunderstorm

2015/9/8,76,81,72,N/A,71,86,96,67,0.16,29.93,4,9,6.4,Rain

2015/9/9,72,77,66,N/A,64,73,94,31,0.12,29.84,6,14,8.3,Rain

2015/9/10,68,73,62,N/A,52,57,77,32,0.00,29.94,6,12,9.1,

2015/9/11,66,73,59,N/A,54,65,94,45,0.20,29.87,5,16,9.1,Rain

2015/9/12,58,61,55,7,52,78,88,62,0.35,29.85,8,15,8.9,Rain

2015/9/13,56,60,53,8,49,75,88,52,0.08,29.80,10,20,9.1,Rain

2015/9/14,64,75,52,2,49,59,77,29,0.00,30.05,10,18,9.1,

2015/9/15,68,76,59,N/A,59,74,88,53,0.00,30.25,6,15,9.1,

2015/9/16,71,80,62,N/A,62,70,94,54,0.00,30.27,5,9,8.0,

2015/9/17,69,78,60,N/A,63,82,100,58,0.00,30.11,3,13,6.0,

2015/9/18,68,76,61,N/A,63,90,100,54,0.00,29.94,3,14,5.0,

2015/9/19,66,73,60,N/A,63,84,94,56,0.28,29.74,9,33,8.3,Rain

2015/9/20,56,62,51,8,48,67,82,48,0.00,30.17,5,9,7.4,

2015/9/21,60,66,53,6,53,74,88,54,0.00,30.22,6,17,9.1,

2015/9/22,62,69,54,4,57,83,100,68,0.00,30.23,5,10,8.5,

2015/9/23,62,71,54,2,58,93,100,64,0.00,30.28,2,7,3.9,Fog

2015/9/24,63,69,57,2,60,84,94,73,0.00,30.35,6,16,9.1,

2015/9/25,63,66,60,2,54,69,94,54,0.00,30.37,12,22,9.1,

2015/9/26,60,65,55,5,53,72,88,61,0.00,30.41,13,20,9.1,

2015/9/27,64,68,59,2,58,78,88,56,0.00,30.27,8,13,9.1,

2015/9/28,67,70,64,N/A,64,92,94,83,0.08,30.08,6,12,7.7,Rain

2015/9/29,64,69,60,N/A,63,90,100,63,0.04,29.95,5,15,6.3,Rain

2015/9/30,60,66,53,6,44,59,77,29,0.00,30.09,11,21,9.1,

2015/10/1,52,59,44,14,34,51,66,27,0.00,30.33,14,20,9.1,

2015/10/2,50,55,44,16,31,47,62,28,0.00,30.44,15,23,9.1,

2015/10/3,51,55,47,14,38,59,71,41,0.01,30.40,25,34,9.1,Rain

2015/10/4,54,57,51,11,46,72,82,58,0.00,30.31,16,24,9.1,

2015/10/5,56,58,53,10,50,80,94,65,0.00,30.20,5,12,7.9,Rain

2015/10/6,58,62,55,6,52,79,94,59,0.00,30.10,5,10,9.1,

2015/10/7,62,69,54,4,52,74,88,50,0.00,30.05,6,12,9.1,

2015/10/8,54,57,50,12,46,71,88,59,0.20,30.09,11,20,8.9,Rain

2015/10/9,57,63,50,8,52,84,100,63,0.02,29.86,12,20,8.2,Rain

2015/10/10,52,59,45,13,43,67,81,48,0.00,30.12,7,25,9.1,

2015/10/11,62,68,55,4,51,69,77,50,0.00,29.79,16,24,9.1,

2015/10/12,67,75,59,N/A,55,74,82,53,0.94,29.59,11,18,8.4,Rain Thunderstorm

2015/10/13,60,64,55,6,52,75,88,52,0.00,29.46,13,29,8.7,Rain

2015/10/14,52,56,49,12,42,68,82,43,0.00,29.77,10,18,9.1,

2015/10/15,54,63,45,11,44,70,82,48,0.03,29.84,14,39,8.6,Rain Thunderstorm

2015/10/16,49,56,41,16,40,70,82,46,0.01,29.99,12,28,8.5,Rain Thunderstorm

2015/10/17,39,44,34,26,28,64,81,39,0.00,30.23,8,16,9.1,Rain

2015/10/18,38,44,33,26,25,59,81,30,0.00,30.36,6,12,9.1,

2015/10/19,46,59,32,20,39,64,80,49,0.01,30.16,11,28,9.0,Rain Thunderstorm

2015/10/20,58,62,53,8,47,67,88,55,0.01,30.07,11,22,8.9,Rain Thunderstorm

2015/10/21,51,54,48,14,46,83,94,68,0.08,30.19,10,21,8.4,Rain Thunderstorm

2015/10/22,56,61,50,10,45,71,94,39,0.00,30.09,8,20,8.8,Rain Thunderstorm

2015/10/23,42,46,37,24,32,62,76,42,0.00,30.36,7,15,9.1,

2015/10/24,50,57,44,14,48,88,100,64,0.35,29.91,11,24,7.1,Rain Thunderstorm

2015/10/25,52,57,46,12,44,73,94,37,0.00,30.06,15,28,8.4,Rain

2015/10/26,46,50,41,20,37,71,87,51,0.00,30.48,6,10,9.1,

2015/10/27,46,51,42,18,39,72,82,59,0.00,30.46,10,23,9.1,

2015/10/28,52,57,48,12,51,96,100,67,1.14,29.69,15,26,3.5,Fog Rain

2015/10/29,49,52,46,16,41,75,100,41,0.02,29.49,15,38,8.9,Rain

2015/10/30,44,48,40,21,36,70,81,45,0.00,29.96,11,23,8.9,Rain

2015/10/31,42,50,35,22,39,78,87,62,0.04,30.06,3,10,9.1,Rain

2015/11/1,54,60,47,12,45,77,100,39,0.16,29.74,11,29,8.6,Rain

2015/11/2,48,57,40,16,44,83,100,58,0.00,30.06,6,9,9.1,

2015/11/3,54,63,46,10,47,78,100,54,0.00,30.15,5,10,9.1,

2015/11/4,50,54,46,15,50,93,100,79,0.00,30.21,9,16,5.1,Fog

2015/11/5,54,62,46,11,53,91,100,77,0.00,30.11,1,7,3.8,Fog

2015/11/6,58,64,51,8,54,91,100,49,0.08,29.79,6,33,6.1,Rain

2015/11/7,48,54,41,17,39,72,97,41,0.00,30.08,11,24,8.8,Rain

2015/11/8,44,50,38,21,36,74,87,54,0.00,30.36,8,14,9.1,

2015/11/9,43,51,35,22,36,74,87,50,0.00,30.34,6,10,9.1,

2015/11/10,46,50,42,19,46,94,100,76,0.35,30.04,12,21,5.0,Rain

2015/11/11,48,53,44,16,48,97,100,82,0.04,29.94,6,12,5.7,Rain

2015/11/12,48,53,43,17,46,88,100,71,0.04,29.48,12,36,7.8,Rain

2015/11/13,44,48,37,22,35,68,81,46,0.00,29.65,24,38,9.1,Rain

2015/11/14,39,43,35,26,29,65,81,44,0.00,30.13,12,20,9.1,Rain

2015/11/15,48,58,39,16,39,74,93,59,0.00,30.16,8,13,9.1,

2015/11/16,44,50,39,20,42,91,100,72,0.00,30.27,6,22,8.3,

2015/11/17,42,46,38,23,38,83,87,68,0.00,30.37,19,28,9.1,

2015/11/18,48,53,44,16,46,87,100,68,0.04,30.05,11,16,8.9,Rain

2015/11/19,50,55,44,14,47,82,100,46,0.02,29.83,10,30,8.8,Rain

2015/11/20,38,44,33,26,25,51,75,30,0.00,30.14,16,24,9.1,

2015/11/21,38,44,33,26,33,73,93,44,0.12,29.96,8,25,8.5,Rain

2015/11/22,34,39,28,32,29,73,93,56,0.00,29.89,20,32,9.0,Rain

2015/11/23,30,37,24,34,28,82,100,46,0.01,30.14,8,14,8.7,Rain Snow

2015/11/24,38,45,32,26,31,83,93,47,0.00,30.22,7,14,8.2,Rain Snow

2015/11/25,38,45,31,27,35,87,100,56,0.00,30.53,5,12,7.0,

2015/11/26,46,51,42,18,40,75,82,61,0.00,30.43,6,17,9.1,

2015/11/27,42,50,35,22,41,88,100,71,0.08,30.24,12,20,7.9,Rain

2015/11/28,34,36,32,31,28,77,81,60,0.00,30.35,6,12,9.1,

2015/11/29,32,38,25,34,26,75,86,45,0.00,30.39,6,20,9.1,

2015/11/30,36,39,32,30,29,75,87,56,0.00,30.35,14,22,9.1,

2015/12/1,40,46,34,25,44,99,100,83,0.04,29.92,13,25,4.0,Fog Rain

2015/12/2,42,46,39,22,37,79,100,51,0.00,29.82,6,12,7.4,Fog

2015/12/3,41,45,37,24,33,70,81,53,0.00,30.04,10,23,9.1,Rain

2015/12/4,42,43,40,24,33,69,81,57,0.00,30.42,13,23,9.1,

2015/12/5,40,44,35,26,37,88,100,70,0.00,30.65,9,14,4.8,

2015/12/6,36,40,32,29,39,100,100,100,0.00,30.41,7,12,2.7,

2015/12/7,38,41,34,28,39,97,100,80,0.00,30.21,4,7,5.9,

2015/12/8,40,42,39,24,37,85,100,69,0.00,30.09,6,12,7.7,

2015/12/9,46,52,40,19,42,80,100,67,0.01,29.80,6,17,7.3,Rain

2015/12/10,45,50,40,20,43,85,100,66,0.00,29.82,7,16,5.0,

2015/12/11,48,54,41,16,40,75,100,48,0.00,29.74,11,26,9.1,Rain

2015/12/12,42,48,35,24,38,76,93,63,0.00,30.09,6,15,9.1,Rain

2015/12/13,42,44,41,22,41,89,100,80,0.01,30.08,16,25,7.7,Rain

2015/12/14,48,53,42,18,46,86,93,82,0.12,29.52,11,29,7.2,Rain

2015/12/15,44,51,37,21,36,75,87,58,0.00,29.74,15,25,9.1,

2015/12/16,38,44,35,26,36,90,100,74,0.03,30.02,10,17,8.0,Rain

2015/12/17,44,48,37,22,38,79,93,51,0.00,29.72,10,30,8.9,Rain

2015/12/18,34,39,30,30,24,63,86,43,0.00,29.84,16,29,8.4,Rain Snow

2015/12/19,30,32,28,35,18,61,69,48,0.00,30.10,20,29,9.1,Snow

2015/12/20,34,42,28,30,24,63,80,42,0.00,30.33,11,18,9.1,

2015/12/21,42,44,39,24,41,91,100,58,0.08,29.90,11,16,6.4,Rain

2015/12/22,45,49,41,20,45,96,100,87,0.02,29.84,3,8,6.6,Rain

2015/12/23,44,53,37,21,43,98,100,88,0.03,29.91,7,20,3.7,Fog

2015/12/24,48,55,42,16,41,78,100,51,0.00,29.79,12,31,9.1,

2015/12/25,44,48,39,20,38,80,100,58,0.00,30.21,5,12,9.1,Rain

2015/12/26,37,41,33,28,35,86,100,61,0.08,30.32,14,28,7.8,Rain

2015/12/27,35,37,33,30,34,87,100,61,0.12,30.04,12,22,7.9,Rain

2015/12/28,28,33,23,37,23,81,100,54,0.08,30.37,20,40,5.8,Rain Snow

2015/12/29,34,40,27,32,36,96,100,86,3.35,29.92,26,45,4.4,Rain Snow Thunderstorm

2015/12/30,38,40,35,28,34,86,93,70,0.01,30.13,12,20,8.1,Rain

2015/12/31,34,35,33,31,29,80,93,59,0.00,30.12,16,22,8.2,Rain Snow
